"lnr" "Klasse" "Gesch" "Alter" "Groesse" "Gewicht" "Mathe" "Physik" "Deutsch" "Bio" "Fehltage"
1 6 "w" 12 124 42 3 NA 2 3 2
2 5 "w" 12 146 39 4 NA 2 2 3
3 10 "w" 17 174 64 4 3 5 2 4
4 8 "w" 15 138 53 5 6 4 3 0
5 8 "w" 15 147 56 5 4 3 2 3
6 9 "m" 16 162 65 2 2 4 2 2
7 6 "w" 14 141 49 2 NA 2 3 2
8 10 "w" 16 166 60 5 5 1 3 2
9 6 "w" 13 152 44 4 NA 2 2 1
10 5 "w" 12 151 39 5 NA 4 4 4
11 6 "w" 13 154 46 2 NA 2 1 4
12 5 "w" 12 163 41 1 NA 5 1 4
13 6 "m" 12 139 47 5 NA 5 4 1
14 7 "w" 14 145 51 4 NA 5 5 2
15 8 "w" 14 157 49 5 5 4 2 1
16 7 "w" 14 159 49 4 NA 2 3 1
17 9 "w" 15 149 55 1 2 3 2 3
18 6 "m" 13 144 49 1 NA 3 1 6
19 11 "m" 17 190 71 5 5 3 2 1
20 6 "m" 12 150 46 3 NA 2 3 6
21 9 "w" 17 165 65 3 6 5 1 5
22 5 "w" 13 151 47 2 NA 5 4 2
23 10 "w" 17 154 65 5 3 4 4 5
24 10 "w" 16 170 62 2 2 2 1 5
25 10 "w" 16 168 61 5 3 5 4 6
26 11 "w" 18 173 71 4 5 2 2 7
27 8 "w" 15 142 54 3 4 5 2 5
28 6 "m" 12 136 44 4 NA 5 4 4
29 8 "m" 16 177 65 4 4 4 3 4
30 11 "m" 17 182 70 2 2 1 2 6
31 9 "m" 15 158 59 3 2 2 1 2
32 10 "m" 17 183 69 2 1 3 2 2
33 9 "w" 16 163 60 2 3 1 2 3
34 11 "m" 17 173 71 2 2 2 1 4
35 11 "m" 17 175 69 2 2 2 1 1
36 10 "m" 16 182 65 2 3 5 2 2
37 8 "w" 16 150 60 3 2 3 2 4
38 6 "m" 12 137 46 2 NA 1 1 1
39 8 "m" 14 147 54 3 3 5 3 1
40 11 "w" 17 179 65 4 3 5 3 2
41 6 "w" 13 144 44 2 NA 3 3 4
42 6 "w" 13 152 46 5 NA 5 4 4
43 7 "m" 14 161 54 2 NA 3 3 4
44 9 "m" 15 155 61 2 3 3 3 3
45 9 "w" 16 172 62 2 1 3 1 2
46 8 "w" 15 150 55 5 5 2 3 3
47 12 "w" 18 165 70 3 4 3 2 3
48 8 "m" 14 157 55 2 1 5 1 5
49 8 "w" 14 129 52 5 3 4 5 1
50 7 "w" 13 146 45 1 NA 3 1 5
51 10 "w" 17 180 65 3 2 4 2 1
52 7 "m" 13 150 51 5 NA 5 5 6
53 8 "m" 15 179 60 4 4 3 2 2
54 10 "w" 17 145 64 4 4 3 2 2
55 6 "m" 12 142 44 1 NA 4 2 2
56 7 "w" 14 149 51 5 NA 3 3 3
57 5 "w" 12 145 40 4 NA 2 2 2
58 8 "w" 15 148 53 4 5 3 3 6
59 11 "m" 17 170 71 2 4 2 2 2
60 11 "m" 18 183 73 4 5 1 2 0
61 10 "m" 17 157 71 2 2 3 2 3
62 11 "w" 17 174 64 5 4 1 2 3
63 10 "m" 17 166 71 4 3 2 3 1
64 7 "m" 13 152 51 5 NA 5 4 4
65 8 "w" 14 142 48 5 5 2 3 2
66 8 "w" 14 167 49 3 2 3 1 4
67 9 "w" 16 156 59 2 3 2 1 3
68 8 "m" 14 160 55 2 1 2 2 2
69 10 "w" 16 151 58 3 3 2 1 2
70 10 "m" 16 152 65 3 2 3 2 1
71 8 "w" 15 163 57 5 6 3 3 2
72 7 "m" 13 134 49 3 NA 2 1 3
73 9 "w" 15 163 56 5 5 3 3 4
74 10 "w" 17 160 64 3 3 5 4 1
75 8 "w" 14 137 50 1 2 4 4 1
76 8 "w" 16 145 60 6 4 3 3 1
77 9 "w" 15 163 55 2 2 4 1 0
78 7 "w" 13 149 44 6 NA 2 3 2
79 6 "m" 12 161 44 5 NA 4 1 2
80 7 "w" 13 140 45 4 NA 2 2 1
81 11 "w" 17 155 65 5 6 5 5 6
82 6 "m" 12 145 44 4 NA 4 2 2
83 9 "m" 16 160 64 5 5 3 3 6
84 10 "m" 17 176 70 3 1 3 3 2
85 9 "w" 16 153 61 4 5 2 3 4
86 8 "m" 15 173 58 2 3 2 2 3
87 9 "m" 16 148 66 3 5 5 2 0
88 9 "m" 17 159 73 5 6 3 4 0
89 10 "m" 18 186 76 2 3 6 3 0
90 7 "w" 13 152 45 2 NA 5 3 1
91 8 "m" 18 181 74 2 3 4 2 4
92 8 "m" 15 149 59 4 4 5 3 3
93 6 "m" 13 150 49 5 NA 3 2 5
94 10 "m" 17 183 70 3 3 2 2 0
95 7 "m" 15 154 59 3 NA 4 2 3
96 7 "w" 14 149 50 3 NA 3 2 4
97 8 "w" 14 119 49 4 4 1 2 3
98 8 "w" 15 153 54 3 2 2 1 1
99 5 "w" 12 134 42 4 NA 5 4 3
100 7 "w" 14 152 49 5 NA 3 2 4
101 7 "w" 13 153 45 2 NA 2 2 5
102 11 "m" 17 170 70 2 2 4 1 2
103 7 "m" 14 169 56 2 NA 2 2 5
104 5 "w" 13 148 44 2 NA 5 2 7
105 6 "m" 13 158 49 3 NA 3 2 2
106 5 "m" 12 149 44 3 NA 4 3 5
107 11 "w" 18 187 69 5 3 2 3 2
108 9 "w" 15 151 55 2 3 2 2 1
109 7 "w" 13 163 46 3 NA 5 2 2
110 8 "w" 15 162 55 5 6 5 2 1
111 8 "m" 14 163 54 5 3 3 3 4
112 10 "w" 17 183 66 3 3 2 2 6
113 7 "w" 13 143 44 4 NA 2 3 2
114 11 "w" 17 156 66 5 4 2 1 3
115 11 "m" 18 172 74 5 4 3 3 2
116 9 "m" 17 167 69 3 2 3 3 1
117 10 "m" 17 154 70 6 4 1 2 3
118 6 "w" 13 150 45 4 NA 5 5 3
119 6 "m" 12 131 45 3 NA 2 3 6
120 10 "w" 16 168 61 2 2 3 1 3
121 9 "w" 15 158 57 2 2 2 2 1
122 7 "m" 13 153 50 3 NA 5 4 5
123 11 "w" 17 164 65 4 3 3 1 2
124 7 "w" 14 158 51 3 NA 2 1 1
125 9 "w" 16 165 61 2 3 1 1 3
126 10 "m" 18 176 75 5 5 5 5 5
127 11 "m" 18 158 77 4 4 5 2 1
128 6 "w" 12 136 40 1 NA 3 2 3
129 8 "w" 15 136 56 5 5 5 5 0
130 7 "m" 13 144 50 2 NA 2 2 3
131 8 "w" 14 163 51 2 2 5 3 4
132 11 "m" 17 174 71 2 2 4 3 3
133 10 "w" 17 170 65 3 1 5 3 3
134 7 "w" 13 143 46 5 NA 2 4 0
135 6 "m" 13 129 50 4 NA 2 4 2
136 8 "m" 14 157 53 2 3 4 1 5
137 12 "m" 18 178 74 3 3 4 2 2
138 7 "m" 13 158 51 3 NA 5 5 3
139 7 "m" 15 167 59 4 NA 2 2 4
140 5 "w" 12 152 40 3 NA 3 3 2
141 8 "m" 16 155 66 5 5 4 3 1
142 8 "w" 15 162 55 2 4 5 2 2
143 8 "m" 16 175 64 2 2 2 2 4
144 7 "w" 14 155 49 3 NA 5 4 5
145 10 "w" 17 165 65 4 5 5 3 1
146 9 "w" 16 160 60 4 4 2 3 2
147 6 "w" 13 146 46 2 NA 4 1 5
148 7 "m" 14 160 56 5 NA 3 3 3
149 8 "w" 15 152 56 4 5 5 4 5
150 11 "m" 17 172 70 2 1 2 2 2
151 11 "m" 17 162 69 5 6 4 4 2
152 10 "m" 17 155 70 2 3 2 2 5
153 6 "w" 14 144 49 5 NA 5 4 2
154 11 "w" 17 158 66 2 2 3 2 4
155 10 "m" 17 196 70 5 4 1 3 3
156 8 "m" 15 155 59 4 4 3 3 2
157 8 "w" 14 154 51 5 5 4 3 2
158 7 "m" 14 151 55 3 NA 2 2 1
159 8 "m" 15 157 59 2 1 4 2 2
160 10 "m" 16 153 66 3 3 2 4 2
161 9 "m" 15 160 61 3 3 4 3 2
162 11 "m" 17 161 71 2 2 1 2 2
163 11 "w" 18 178 69 2 1 3 2 3
164 9 "m" 15 155 60 5 6 3 3 4
165 9 "w" 16 144 58 2 2 4 2 1
166 10 "w" 17 152 66 1 2 5 4 4
167 7 "m" 13 154 51 4 NA 3 4 4
168 10 "m" 17 183 70 2 3 2 2 5
169 7 "w" 13 163 46 3 NA 3 3 0
170 11 "m" 17 156 70 2 1 2 1 4
171 8 "m" 14 145 53 1 2 5 2 3
172 6 "m" 14 147 55 3 NA 2 1 7
173 11 "m" 17 153 71 5 5 2 3 2
174 7 "w" 14 145 49 5 NA 5 4 4
175 5 "m" 12 156 45 5 NA 1 1 0
176 8 "w" 15 150 55 2 1 4 3 3
177 7 "m" 14 171 56 2 NA 2 2 0
178 5 "m" 12 161 45 2 NA 2 1 1
179 7 "w" 15 159 55 3 NA 3 3 3
180 8 "m" 14 173 55 5 6 2 2 1
181 11 "m" 18 173 75 3 2 3 4 3
182 10 "w" 17 176 67 4 4 2 1 4
183 5 "w" 12 138 40 2 NA 2 2 2
184 12 "m" 18 184 75 5 6 2 2 4
185 9 "w" 16 168 60 5 4 4 4 1
186 5 "w" 13 142 47 3 NA 5 3 0
187 5 "m" 12 134 44 1 NA 3 1 3
188 8 "m" 15 161 60 2 3 5 3 1
189 7 "m" 14 141 55 4 NA 3 2 4
190 6 "m" 13 144 50 2 NA 1 1 5
191 8 "w" 16 151 60 3 2 2 3 4
192 9 "w" 16 144 59 5 6 1 1 2
193 10 "m" 17 171 70 2 2 3 1 2
194 11 "m" 18 184 76 2 2 4 1 1
195 7 "w" 13 138 44 5 NA 5 3 1
196 7 "m" 14 170 56 2 NA 3 3 1
197 8 "w" 14 176 51 4 6 5 4 5
198 5 "m" 13 144 50 2 NA 5 3 3
199 5 "w" 14 154 50 5 NA 2 2 1
200 9 "w" 16 155 59 2 4 5 1 3
201 6 "m" 13 160 49 2 NA 5 3 2
202 6 "m" 12 137 45 4 NA 4 4 5
203 6 "m" 12 153 45 3 NA 3 3 4
204 7 "w" 14 153 48 4 NA 4 3 1
205 7 "w" 14 150 50 2 NA 4 2 2
206 7 "m" 14 151 53 2 NA 2 1 4
207 6 "m" 13 161 50 2 NA 4 1 3
208 11 "m" 17 199 70 1 2 2 2 5
209 6 "w" 12 155 41 5 NA 3 4 1
210 10 "m" 17 153 70 2 2 2 2 2
211 11 "w" 17 159 65 2 2 3 4 4
212 12 "m" 18 168 73 2 2 2 2 4
213 10 "m" 17 157 70 5 4 1 1 3
214 9 "m" 16 163 66 2 1 2 2 3
215 10 "m" 16 163 66 3 3 2 2 6
216 6 "w" 13 122 45 2 NA 2 2 2
217 12 "m" 18 171 76 4 4 4 4 4
218 6 "m" 12 164 45 2 NA 3 2 1
219 8 "m" 15 168 62 2 2 5 1 5
220 6 "m" 14 146 56 5 NA 4 4 1
221 5 "m" 14 146 54 5 NA 3 2 5
222 9 "m" 15 174 60 2 1 3 1 1
223 8 "w" 14 157 51 2 1 4 2 2
224 7 "m" 14 156 56 1 NA 2 2 1
225 6 "m" 13 166 49 5 NA 3 3 3
226 8 "w" 14 151 51 2 2 5 1 5
227 7 "m" 13 138 49 4 NA 5 3 3
228 10 "w" 16 160 61 4 5 3 5 1
229 9 "w" 15 153 56 3 3 3 3 4
230 6 "w" 13 150 44 2 NA 3 2 5
231 8 "w" 14 142 51 2 1 3 2 2
232 11 "w" 18 172 69 4 6 2 3 5
233 10 "w" 17 154 65 5 5 1 2 2
234 9 "m" 16 154 65 2 1 2 2 3
235 8 "w" 14 141 51 4 4 1 3 2
236 5 "m" 12 135 44 2 NA 2 2 1
237 12 "w" 18 168 69 5 6 5 5 2
238 10 "w" 17 150 65 3 3 4 3 2
239 7 "m" 14 145 55 2 NA 3 1 10
240 9 "w" 16 172 60 2 4 4 1 3
241 10 "m" 17 172 69 3 3 4 2 3
242 6 "m" 14 161 55 4 NA 3 3 0
243 9 "m" 16 168 63 4 5 4 4 3
244 12 "m" 18 171 76 6 5 4 3 0
245 5 "m" 13 152 50 4 NA 1 2 4
246 7 "m" 13 156 52 5 NA 2 2 3
247 5 "w" 12 126 41 3 NA 2 2 2
248 11 "w" 17 162 65 1 1 4 1 4
249 10 "w" 16 165 60 2 3 1 1 5
250 9 "m" 16 180 66 2 2 5 4 6
251 9 "w" 16 161 61 2 3 5 2 2
252 9 "m" 15 160 59 4 3 3 4 3
253 10 "m" 17 159 70 2 2 1 1 2
254 11 "w" 18 172 69 2 3 2 2 3
255 7 "w" 14 151 51 2 NA 1 1 1
256 7 "m" 15 157 60 2 NA 3 2 4
257 6 "w" 12 121 39 2 NA 4 2 5
258 9 "w" 16 156 59 4 4 5 5 2
259 8 "m" 14 158 55 2 2 2 1 6
260 8 "w" 15 142 55 5 4 5 5 6
261 8 "m" 15 161 59 2 2 4 2 2
262 10 "m" 16 156 66 4 4 5 3 8
263 6 "m" 13 156 51 2 NA 1 2 7
264 7 "m" 14 160 54 5 NA 3 5 2
265 5 "w" 12 134 40 2 NA 2 2 0
266 8 "w" 16 175 61 5 4 4 4 2
267 5 "w" 14 150 49 5 NA 1 3 4
268 8 "m" 14 161 54 6 5 5 4 2
269 6 "w" 14 154 50 2 NA 4 2 3
270 7 "w" 13 144 44 2 NA 4 2 1
271 10 "w" 17 160 64 2 2 2 1 2
272 10 "w" 17 167 65 3 3 2 3 1
273 10 "w" 17 162 64 2 2 2 2 4
274 12 "w" 18 170 71 2 1 5 2 7
275 7 "w" 13 136 44 1 NA 2 2 4
276 10 "w" 17 154 66 3 4 2 1 6
277 10 "w" 16 147 59 3 3 2 3 3
278 9 "w" 16 155 61 2 1 2 2 3
279 9 "w" 16 155 58 4 5 3 1 4
280 3 "m" 12 126 45 6 NA 2 4 0
281 9 "m" 15 152 60 5 5 5 4 2
282 8 "w" 16 168 62 2 1 4 2 3
283 9 "m" 17 165 69 3 4 2 1 4
284 7 "m" 14 156 55 2 NA 3 2 3
285 6 "w" 14 162 51 2 NA 3 1 3
286 10 "m" 17 168 69 5 5 2 5 4
287 6 "w" 12 123 38 5 NA 2 2 1
288 5 "m" 13 136 50 3 NA 2 2 3
289 12 "w" 18 155 71 5 5 2 2 4
290 8 "w" 14 138 50 4 4 4 2 5
291 9 "m" 16 168 67 4 5 1 2 1
292 10 "w" 17 155 66 2 3 2 2 0
293 8 "w" 15 145 54 2 2 2 2 6
294 7 "w" 13 130 46 5 NA 2 3 1
295 10 "w" 17 168 63 3 3 2 1 4
296 7 "w" 14 155 50 2 NA 3 2 1
297 7 "m" 13 145 51 4 NA 2 2 3
298 11 "w" 17 151 66 3 3 3 2 4
299 6 "m" 13 135 47 2 NA 3 2 2
300 9 "w" 16 150 58 6 6 2 3 3
301 10 "w" 17 163 65 4 4 2 2 4
302 11 "w" 18 190 72 2 3 1 2 3
303 8 "m" 16 156 67 2 2 6 2 4
304 11 "w" 17 154 64 4 5 5 2 1
305 6 "m" 13 144 49 4 NA 2 2 5
306 9 "m" 17 176 71 3 2 5 4 5
307 11 "w" 18 195 70 1 2 5 1 3
308 9 "m" 15 167 59 2 4 2 2 2
309 8 "w" 14 131 50 2 2 2 2 4
310 5 "m" 12 153 44 5 NA 5 5 3
311 10 "w" 17 143 65 3 6 2 2 7
312 6 "m" 14 153 54 3 NA 3 3 2
313 10 "m" 17 168 73 5 5 5 5 4
314 10 "m" 18 183 75 3 3 4 5 5
315 5 "w" 12 136 40 4 NA 2 3 2
316 7 "m" 13 133 50 3 NA 2 2 1
317 6 "w" 13 154 45 6 NA 4 4 3
318 6 "m" 12 144 45 4 NA 3 2 1
319 6 "w" 13 142 45 2 NA 4 3 1
320 8 "w" 15 147 56 2 3 3 2 3
321 10 "w" 17 167 64 3 5 5 3 6
322 9 "w" 16 170 61 4 4 4 3 3
323 9 "w" 16 159 61 2 3 3 2 2
324 9 "m" 16 177 66 3 5 2 2 7
325 6 "w" 12 138 40 2 NA 1 2 3
326 7 "m" 13 153 49 2 NA 2 2 3
327 9 "w" 16 161 60 5 4 2 4 2
328 7 "w" 13 144 45 5 NA 3 3 4
329 7 "m" 16 152 64 4 NA 3 1 6
330 5 "m" 13 157 51 3 NA 5 3 5
331 6 "m" 13 148 49 2 NA 2 2 7
332 9 "w" 15 146 54 2 4 5 3 3
333 7 "m" 13 160 50 2 NA 4 2 2
334 6 "w" 13 154 45 5 NA 5 5 2
335 8 "m" 15 154 60 2 1 6 2 3
336 9 "w" 15 143 55 4 5 3 3 2
337 9 "w" 17 187 65 1 1 3 1 0
338 10 "w" 17 158 65 2 3 3 2 2
339 7 "m" 13 155 51 2 NA 5 3 2
340 7 "m" 14 150 55 1 NA 2 2 3
341 6 "m" 12 126 43 1 NA 5 2 3
342 11 "m" 17 182 70 5 6 5 6 2
343 7 "m" 13 129 48 2 NA 2 2 1
344 7 "m" 14 134 54 3 NA 3 1 3
345 7 "m" 13 164 52 3 NA 2 2 4
346 7 "m" 13 163 49 5 NA 4 3 6
347 7 "m" 13 143 50 2 NA 3 2 1
348 11 "w" 17 144 66 5 4 2 1 1
349 8 "m" 15 176 60 2 2 2 1 1
350 6 "w" 13 154 46 2 NA 2 2 5
351 7 "m" 14 159 56 3 NA 4 2 1
352 10 "w" 16 160 60 3 1 5 4 1
353 10 "w" 17 173 66 2 2 4 3 2
354 10 "m" 18 160 74 4 4 2 1 3
355 9 "w" 16 164 61 5 3 3 4 5
356 11 "w" 17 174 63 3 2 2 1 5
357 7 "w" 14 152 50 1 NA 2 2 3
358 8 "w" 16 166 60 5 6 2 4 1
359 9 "m" 16 168 66 5 5 5 4 3
360 9 "w" 16 143 58 5 5 2 3 4
361 6 "w" 13 148 44 3 NA 2 1 5
362 9 "m" 15 160 59 5 5 5 4 2
363 6 "w" 13 145 44 3 NA 3 2 5
364 11 "w" 17 164 66 2 2 2 2 4
365 9 "m" 16 180 66 3 3 4 3 5
366 7 "w" 13 152 44 4 NA 4 3 4
367 12 "w" 18 156 71 3 2 4 3 2
368 5 "m" 13 154 51 2 NA 4 2 2
369 8 "m" 15 165 60 2 3 2 1 5
370 5 "w" 12 129 41 4 NA 4 4 3
371 8 "m" 15 163 61 4 3 5 4 3
372 5 "m" 12 140 44 3 NA 5 1 5
373 9 "w" 16 166 60 4 5 4 2 6
374 6 "w" 14 162 50 4 NA 4 3 5
375 7 "m" 13 149 52 1 NA 3 2 4
376 9 "w" 15 157 55 3 2 5 4 4
377 8 "m" 15 169 60 2 1 4 1 1
378 10 "m" 16 152 64 3 3 2 3 5
379 11 "m" 17 171 69 5 3 3 4 2
380 11 "w" 18 173 70 3 4 2 2 5
381 6 "w" 13 151 45 2 NA 1 2 4
382 5 "w" 13 141 45 1 NA 3 1 6
383 9 "m" 17 151 70 4 4 3 2 4
384 5 "w" 12 149 40 3 NA 2 2 2
385 10 "m" 16 169 65 4 5 2 1 0
386 8 "m" 15 142 60 3 4 4 3 6
387 8 "m" 14 159 56 4 3 3 4 1
388 6 "m" 13 146 50 2 NA 2 1 2
389 10 "w" 16 164 61 3 3 5 2 6
390 6 "m" 12 123 46 2 NA 5 2 3
391 10 "m" 17 176 70 2 3 5 3 3
392 8 "m" 14 176 54 2 2 4 3 3
393 10 "m" 17 181 69 3 3 5 4 5
394 10 "w" 16 151 60 2 3 4 2 4
395 12 "w" 18 182 69 2 2 2 2 3
396 6 "w" 12 132 41 5 NA 2 1 3
397 8 "m" 15 154 60 6 3 2 3 1
398 7 "w" 14 139 50 2 NA 4 2 1
399 6 "m" 13 153 50 3 NA 4 4 3
400 6 "m" 15 150 59 4 NA 4 3 2
401 8 "m" 14 160 54 3 5 2 1 4
402 12 "m" 18 181 76 3 1 5 3 5
403 11 "m" 17 172 72 2 2 5 1 3
404 10 "w" 17 175 65 2 3 4 3 5
405 6 "w" 14 156 48 4 NA 3 4 4
406 7 "w" 13 147 44 4 NA 4 2 4
407 7 "m" 14 162 56 4 NA 1 2 3
408 6 "w" 14 144 48 3 NA 2 2 6
409 6 "w" 14 150 51 2 NA 4 1 3
410 10 "m" 16 176 65 2 3 5 1 5
411 10 "m" 17 184 70 4 5 3 4 4
412 6 "w" 13 147 44 3 NA 3 2 1
413 10 "m" 16 177 64 4 1 2 2 3
414 12 "w" 18 174 69 2 2 5 3 1
415 8 "w" 15 164 56 1 1 2 2 1
416 12 "m" 18 173 75 5 5 4 4 3
417 11 "m" 18 164 74 2 1 4 2 4
418 8 "m" 14 163 55 2 3 4 3 0
419 8 "w" 15 156 56 2 2 3 2 4
420 10 "m" 17 152 71 2 2 2 2 1
421 9 "w" 16 152 62 1 2 2 2 3
422 8 "m" 14 156 54 2 1 5 2 1
423 11 "w" 17 156 65 2 4 3 3 6
424 10 "w" 16 179 62 2 4 2 2 3
425 5 "m" 12 142 46 3 NA 2 2 3
426 8 "m" 15 155 61 1 1 2 1 1
427 6 "w" 14 143 50 3 NA 5 3 3
428 11 "w" 17 170 65 2 2 5 2 4
429 10 "m" 17 187 72 2 3 2 3 5
430 8 "m" 14 154 54 2 2 1 2 5
431 7 "w" 14 149 51 2 NA 2 2 0
432 7 "w" 14 134 51 2 NA 4 2 3
433 8 "w" 14 162 51 2 3 2 2 4
434 10 "w" 17 175 65 2 2 3 2 4
435 9 "w" 16 185 61 2 2 3 2 8
436 10 "m" 17 160 69 2 2 2 2 2
437 8 "w" 15 175 55 5 3 4 5 2
438 6 "m" 13 149 50 2 NA 3 2 1
439 9 "m" 16 158 66 2 1 2 1 2
440 11 "m" 17 164 70 3 4 6 3 4
441 5 "w" 13 121 43 4 NA 2 2 4
442 10 "w" 17 164 65 5 4 5 3 1
443 11 "w" 18 155 68 3 3 2 1 4
444 10 "w" 16 161 59 3 3 3 3 3
445 9 "w" 16 158 60 2 2 2 3 8
446 5 "w" 12 149 40 5 NA 2 1 0
447 5 "m" 13 133 50 5 NA 3 3 3
448 7 "w" 14 151 49 3 NA 5 4 3
449 7 "w" 14 129 51 4 NA 1 2 0
450 8 "m" 15 148 59 3 1 3 2 2
451 9 "m" 15 173 61 1 2 2 1 2
452 7 "m" 15 165 61 2 NA 5 3 5
453 7 "m" 14 156 57 5 NA 4 4 4
454 6 "w" 13 152 46 2 NA 3 1 4
455 11 "m" 18 178 76 5 5 2 1 3
456 9 "w" 15 162 56 2 2 3 2 0
457 7 "m" 13 154 49 5 NA 4 5 3
458 11 "m" 18 161 75 2 2 3 2 3
459 11 "m" 18 164 73 2 1 2 3 4
460 5 "w" 12 152 40 5 NA 4 3 3
461 7 "m" 14 168 55 2 NA 2 1 2
462 5 "m" 13 149 52 5 NA 2 1 0
463 7 "w" 15 155 56 2 NA 3 2 5
464 5 "m" 14 153 56 3 NA 4 3 5
465 6 "m" 13 135 47 4 NA 2 1 5
466 5 "w" 12 141 40 4 NA 5 4 4
467 7 "m" 14 156 56 2 NA 2 2 5
468 9 "m" 16 155 64 3 3 2 2 2
469 9 "w" 15 184 56 2 1 2 2 1
470 11 "w" 18 182 71 3 2 2 2 3
471 11 "w" 17 173 65 3 1 2 2 3
472 8 "w" 14 149 50 3 4 4 2 3
473 7 "w" 13 156 48 5 NA 3 4 4
474 7 "m" 14 137 55 5 NA 5 5 1
475 8 "m" 14 168 57 2 3 5 4 4
476 6 "w" 14 148 49 3 NA 5 2 0
477 9 "w" 15 141 55 2 1 2 2 6
478 6 "w" 12 150 40 4 NA 5 2 2
479 7 "w" 14 159 48 3 NA 3 2 3
480 9 "w" 15 161 54 3 3 3 4 5
481 9 "w" 17 166 65 5 5 2 4 4
482 12 "m" 18 177 75 4 4 5 4 1
483 5 "m" 12 154 43 2 NA 1 1 3
484 5 "m" 13 134 49 5 NA 2 3 5
485 7 "w" 14 166 52 4 NA 2 3 3
486 7 "w" 14 138 50 2 NA 3 2 3
487 5 "w" 12 155 40 4 NA 3 2 2
488 5 "m" 12 132 44 5 NA 5 5 1
489 7 "w" 14 147 50 4 NA 1 2 1
490 10 "w" 16 168 61 5 4 5 3 4
491 7 "w" 14 162 53 2 NA 2 2 2
492 9 "w" 16 169 60 2 3 1 2 2
493 5 "w" 12 134 41 2 NA 3 2 5
494 10 "w" 16 154 59 2 2 4 1 8
495 11 "m" 18 169 75 4 5 5 3 4
496 11 "m" 18 158 73 5 6 5 5 7
497 6 "m" 12 155 45 3 NA 2 2 2
498 10 "w" 17 162 65 2 3 3 2 3
499 7 "m" 14 168 55 2 NA 1 1 3
500 8 "w" 15 159 52 2 2 4 3 2
501 9 "m" 16 162 65 5 5 3 3 5
502 6 "w" 13 155 44 3 NA 2 2 6
503 8 "w" 15 154 55 2 1 2 2 1
504 10 "w" 16 178 60 3 3 4 3 2
505 6 "w" 13 136 45 3 NA 2 2 2
506 10 "w" 17 183 67 2 3 5 2 2
507 8 "w" 14 157 51 3 4 5 3 4
508 11 "w" 17 171 66 3 2 2 1 2
509 8 "w" 15 144 56 4 4 4 5 1
510 11 "w" 18 179 70 5 5 3 2 5
511 7 "w" 15 161 55 4 NA 5 3 2
512 10 "w" 16 171 60 3 2 3 1 3
513 9 "w" 15 159 54 2 2 2 1 3
514 6 "m" 12 152 44 5 NA 5 3 6
515 9 "w" 16 151 61 2 3 1 1 2
516 9 "w" 17 170 64 1 2 3 2 2
517 7 "w" 14 150 50 6 NA 2 3 2
518 9 "m" 15 153 60 1 2 2 2 3
519 10 "w" 16 160 59 3 4 2 2 4
520 9 "m" 15 166 61 3 4 4 3 4
521 9 "w" 15 178 55 4 3 3 4 1
522 6 "m" 12 128 45 4 NA 2 1 5
523 12 "m" 18 178 76 2 2 2 2 3
524 7 "m" 15 157 60 4 NA 5 4 1
525 8 "m" 15 151 61 2 2 3 1 3
526 9 "w" 16 174 60 3 2 1 2 2
527 6 "w" 13 145 44 3 NA 3 2 0
528 7 "m" 14 163 53 3 NA 5 2 5
529 6 "m" 12 137 44 2 NA 4 2 1
530 8 "w" 15 170 58 4 5 2 1 2
531 9 "w" 16 147 60 5 5 5 3 2
532 10 "m" 17 165 69 4 4 4 3 2
533 8 "m" 16 167 64 5 5 5 3 3
534 8 "m" 15 153 60 2 2 4 1 2
535 9 "m" 16 165 65 2 4 2 1 1
536 10 "w" 16 148 58 4 2 4 2 4
537 10 "w" 16 150 60 2 2 2 2 4
538 7 "w" 15 164 55 2 NA 3 1 2
539 10 "w" 16 150 58 6 6 2 1 3
540 12 "m" 18 181 74 2 1 2 1 5
541 7 "m" 13 139 50 4 NA 5 5 3
542 5 "w" 12 137 38 5 NA 2 2 1
543 7 "w" 14 133 49 4 NA 4 4 2
544 8 "m" 14 158 55 3 3 2 1 4
545 6 "w" 12 140 40 2 NA 2 2 3
546 7 "m" 14 164 56 3 NA 2 1 2
547 8 "m" 15 159 62 2 3 3 1 1
548 10 "m" 16 153 65 3 4 2 2 6
549 8 "w" 15 151 55 3 3 5 3 5
550 8 "m" 15 155 60 3 4 4 4 3
551 9 "m" 16 150 66 2 2 6 4 3
552 7 "w" 14 149 51 3 NA 3 1 2
553 6 "m" 12 144 44 2 NA 5 5 8
554 5 "m" 14 152 54 2 NA 4 2 3
555 10 "m" 17 163 71 2 1 2 1 2
556 7 "m" 13 163 49 3 NA 5 3 1
557 9 "w" 15 160 53 5 5 2 2 5
558 9 "w" 15 144 56 2 3 4 2 5
559 8 "m" 16 161 66 3 3 4 3 1
560 8 "w" 16 150 60 4 3 3 3 4
561 9 "m" 16 159 66 5 5 4 5 3
562 6 "w" 13 123 46 3 NA 2 2 1
563 10 "m" 16 164 63 2 2 1 2 3
564 5 "w" 12 143 41 2 NA 2 3 5
565 7 "w" 14 139 50 2 NA 3 1 3
566 7 "w" 13 144 45 4 NA 5 3 2
567 8 "m" 15 159 60 2 1 4 3 0
568 7 "w" 13 160 47 4 NA 2 1 2
569 5 "m" 13 155 50 5 NA 2 2 0
570 12 "m" 18 171 76 4 5 2 2 4
571 7 "m" 14 150 54 1 NA 1 2 1
572 11 "m" 17 168 72 2 3 1 2 5
573 12 "w" 18 179 71 2 1 2 2 5
574 10 "w" 17 165 65 3 4 2 2 3
575 7 "w" 13 149 45 2 NA 2 2 1
576 7 "m" 14 159 54 2 NA 2 1 1
577 11 "w" 17 165 66 5 4 5 4 5
578 8 "m" 14 154 54 5 5 2 3 2
579 6 "w" 12 152 41 2 NA 2 2 2
580 6 "m" 12 141 45 2 NA 4 2 2
581 11 "w" 17 152 67 2 2 4 1 3
582 11 "w" 18 188 72 5 3 5 3 2
583 10 "w" 16 159 59 4 2 2 4 2
584 10 "w" 17 156 65 4 4 5 4 3
585 11 "m" 17 169 70 2 2 2 1 5
586 6 "m" 12 154 45 5 NA 2 2 2
587 8 "w" 14 153 49 5 4 3 2 2
588 7 "m" 14 137 54 5 NA 2 3 2
589 9 "w" 15 167 54 3 5 1 1 6
590 12 "m" 18 167 75 2 2 3 2 3
591 8 "m" 15 169 60 1 2 2 2 5
592 9 "w" 16 159 60 5 6 3 1 1
593 9 "w" 15 152 56 3 4 5 4 4
594 10 "w" 17 181 66 2 1 1 2 2
595 10 "m" 16 167 66 5 6 1 1 3
596 10 "w" 17 156 64 5 4 5 3 2
597 7 "m" 14 176 56 2 NA 4 2 3
598 8 "w" 16 154 61 2 1 6 2 3
599 9 "m" 16 168 65 2 1 3 1 1
600 8 "m" 16 148 64 4 3 3 4 1
601 5 "w" 12 143 38 4 NA 3 4 2
602 9 "m" 15 161 60 4 4 3 1 3
603 9 "w" 18 174 69 2 1 2 2 7
604 9 "w" 16 140 60 4 4 2 2 2
605 9 "w" 16 165 61 4 5 4 2 4
606 11 "w" 18 182 69 5 4 5 2 3
607 6 "m" 13 144 48 2 NA 3 2 3
608 5 "w" 13 134 44 4 NA 5 3 2
609 9 "w" 15 177 55 1 1 2 2 4
610 10 "m" 17 161 70 5 3 1 1 5
611 9 "m" 15 144 60 4 4 5 3 3
612 10 "w" 16 162 60 3 3 3 2 2
613 8 "w" 14 151 50 5 5 2 3 3
614 9 "w" 15 134 56 2 3 4 1 2
615 6 "w" 13 161 44 4 NA 5 3 5
616 10 "m" 16 149 67 1 2 4 2 4
617 8 "m" 15 155 59 2 4 5 3 4
618 12 "w" 18 165 69 3 3 2 1 4
619 11 "w" 18 188 73 2 1 6 5 2
620 5 "w" 12 145 41 2 NA 4 1 4
621 10 "m" 16 179 65 2 2 3 2 2
622 7 "w" 15 146 57 1 NA 3 2 3
623 8 "m" 15 161 61 3 2 3 2 8
624 8 "m" 17 181 71 4 3 3 3 1
625 7 "w" 13 146 47 4 NA 4 4 4
626 9 "w" 16 163 57 3 3 2 1 3
627 5 "m" 12 154 46 4 NA 2 2 3
628 10 "m" 17 167 71 2 3 3 2 2
629 10 "w" 17 164 66 5 4 5 4 2
630 12 "w" 18 178 72 5 4 2 3 4
631 9 "m" 16 162 65 3 3 4 2 5
632 8 "w" 15 153 57 4 4 5 4 3
633 7 "m" 14 159 57 3 NA 4 1 3
634 8 "m" 14 157 55 3 2 4 3 4
635 6 "m" 13 146 51 2 NA 4 1 1
636 10 "m" 16 180 65 4 4 2 1 6
637 6 "w" 13 127 45 2 NA 4 4 2
638 6 "m" 13 133 50 5 NA 3 3 3
639 5 "m" 13 134 51 4 NA 5 4 6
640 7 "m" 13 147 51 5 NA 2 3 4
641 10 "w" 17 166 65 3 3 2 1 3
642 9 "m" 17 182 68 2 1 5 3 6
643 8 "w" 15 146 55 3 4 5 3 2
644 8 "w" 15 142 53 4 5 5 4 5
645 8 "w" 15 162 55 2 3 4 3 2
646 7 "w" 14 171 49 3 NA 3 2 3
647 10 "m" 16 179 66 5 5 4 3 8
648 8 "m" 14 146 56 5 3 4 3 6
649 7 "w" 13 142 44 5 NA 2 4 2
650 10 "w" 17 154 65 3 3 4 2 5
651 11 "m" 17 178 69 2 2 2 2 1
652 10 "m" 16 162 64 3 3 1 2 1
653 11 "w" 18 175 69 1 1 3 1 3
654 12 "m" 18 168 74 3 2 2 1 5
655 8 "m" 15 160 60 5 5 3 3 5
656 7 "m" 13 151 48 4 NA 2 2 0
657 9 "m" 17 171 72 3 2 3 3 5
658 10 "m" 18 167 73 2 3 2 2 5
659 6 "w" 13 148 45 5 NA 2 3 5
660 7 "w" 14 173 50 3 NA 3 3 4
661 8 "w" 15 178 55 2 3 2 1 0
662 5 "w" 13 136 44 2 NA 5 4 1
663 8 "w" 15 150 56 2 3 2 2 6
664 11 "w" 17 142 64 2 4 2 1 1
665 7 "m" 14 143 54 2 NA 2 1 4
666 11 "w" 17 165 64 3 2 2 1 0
667 10 "w" 17 161 65 2 3 3 1 3
668 7 "w" 14 135 49 2 NA 5 3 4
669 12 "m" 18 176 77 2 3 5 3 3
670 5 "m" 12 140 45 3 NA 1 2 3
671 9 "w" 16 169 60 2 2 5 4 1
672 6 "w" 12 150 40 2 NA 4 2 7
673 8 "m" 15 153 58 1 1 3 1 5
674 9 "m" 15 140 59 2 1 3 1 2
675 12 "w" 18 165 68 5 5 2 3 1
676 7 "m" 14 156 56 2 NA 3 1 5
677 10 "w" 16 171 62 1 2 4 2 5
678 9 "w" 17 173 65 2 1 2 2 4
679 7 "m" 14 154 56 2 NA 3 2 0
680 10 "w" 16 172 61 4 3 5 3 2
681 5 "w" 13 137 43 4 NA 5 4 3
682 11 "w" 17 163 63 2 1 5 3 5
683 6 "m" 13 165 50 2 NA 6 5 4
684 12 "m" 18 182 75 1 2 2 2 1
685 6 "w" 13 149 46 5 NA 5 3 2
686 10 "w" 17 163 65 2 2 5 3 3
687 7 "m" 14 159 55 2 NA 1 1 3
688 7 "w" 14 156 52 4 NA 3 2 6
689 10 "w" 16 170 61 4 4 5 3 2
690 8 "w" 16 170 60 2 2 5 1 2
691 5 "w" 13 134 45 4 NA 4 3 3
692 9 "m" 16 170 64 2 3 3 1 7
693 6 "m" 14 150 57 3 NA 3 1 2
694 6 "m" 14 160 53 4 NA 3 3 2
695 7 "w" 13 160 48 6 NA 4 4 2
696 6 "m" 14 161 57 4 NA 3 2 3
697 6 "w" 13 138 44 2 NA 4 2 0
698 6 "w" 14 155 50 3 NA 5 4 3
699 5 "m" 12 149 44 2 NA 2 1 1
700 10 "w" 17 182 66 2 1 5 4 6
701 10 "w" 16 158 60 3 2 5 4 1
702 8 "w" 15 162 54 3 3 2 2 2
703 9 "w" 17 176 65 3 1 3 3 3
704 10 "w" 17 159 65 3 2 5 3 3
705 9 "w" 17 163 64 3 3 2 2 2
706 10 "m" 17 171 71 2 3 3 2 5
707 9 "m" 16 130 63 2 2 3 1 2
708 10 "w" 17 165 65 3 3 4 2 3
709 7 "w" 13 146 44 5 NA 4 2 3
710 7 "m" 13 155 49 4 NA 5 5 3
711 8 "w" 14 137 50 1 2 3 1 2
712 7 "w" 14 162 50 4 NA 3 3 0
713 11 "m" 18 174 76 2 2 3 2 4
714 6 "w" 13 144 44 4 NA 5 5 3
715 9 "m" 16 166 65 2 2 2 1 4
716 6 "w" 13 142 45 2 NA 2 2 1
717 9 "w" 15 177 55 2 1 2 2 5
718 12 "m" 18 184 74 2 1 4 1 7
719 8 "w" 15 160 56 2 4 3 2 1
720 7 "m" 13 149 49 2 NA 5 2 5
721 5 "m" 13 127 49 4 NA 3 2 4
722 9 "w" 17 170 65 2 3 5 3 3
723 8 "m" 14 152 56 3 4 3 1 3
724 8 "w" 14 172 52 5 6 4 3 2
725 7 "m" 14 150 55 6 NA 4 3 6
726 10 "m" 16 161 64 3 2 4 2 3
727 12 "w" 18 164 70 2 1 4 2 2
728 7 "w" 14 150 49 4 NA 4 4 1
729 6 "m" 14 154 54 4 NA 3 1 0
730 7 "w" 13 144 46 4 NA 5 2 3
731 6 "m" 14 159 56 3 NA 4 2 2
732 8 "m" 14 143 56 4 4 5 5 3
733 9 "m" 16 162 66 3 4 3 3 0
734 5 "w" 12 143 41 1 NA 2 2 2
735 9 "w" 16 150 60 2 3 3 2 5
736 7 "w" 13 152 45 2 NA 1 1 3
737 7 "w" 13 143 44 4 NA 2 1 3
738 7 "m" 14 158 55 4 NA 5 3 2
739 9 "w" 16 164 60 1 1 4 2 1
740 11 "m" 17 173 72 4 6 5 5 3
741 9 "m" 15 149 61 5 6 2 4 3
742 5 "w" 12 134 39 3 NA 5 2 4
743 11 "w" 17 188 65 2 1 2 1 0
744 12 "w" 18 172 70 3 2 3 2 3
745 8 "m" 15 186 61 3 6 1 2 1
746 5 "w" 12 149 41 5 NA 4 2 4
747 7 "m" 15 170 59 5 NA 5 3 6
748 8 "m" 16 170 66 2 1 3 3 4
749 9 "m" 16 143 64 3 2 2 1 5
750 9 "m" 16 149 64 2 1 2 1 3
751 5 "w" 12 157 40 3 NA 4 2 2
752 8 "m" 14 150 56 5 3 1 3 3
753 10 "w" 16 156 60 4 4 1 2 1
754 8 "w" 15 166 55 4 6 4 3 3
755 7 "w" 14 157 51 5 NA 5 4 1
756 10 "m" 18 189 75 2 2 3 3 6
757 8 "w" 14 150 50 2 3 5 2 5
758 10 "w" 17 157 64 1 2 2 2 3
759 8 "w" 15 140 53 2 1 5 2 2
760 6 "m" 14 169 56 4 NA 1 1 3
761 11 "w" 17 178 66 2 3 4 2 1
762 8 "w" 14 146 49 6 3 4 5 6
763 9 "m" 15 163 59 5 4 3 4 4
764 5 "m" 12 155 44 5 NA 2 2 1
765 8 "m" 16 161 63 4 2 3 3 5
766 5 "m" 12 141 46 4 NA 2 2 4
767 12 "m" 18 168 74 2 1 4 2 5
768 10 "m" 17 161 70 4 4 2 2 3
769 6 "w" 12 134 38 1 NA 5 2 4
770 11 "w" 17 164 64 2 3 4 3 0
771 10 "m" 17 171 70 5 4 5 3 0
772 10 "m" 16 160 66 5 6 4 3 1
773 7 "m" 14 153 54 5 NA 4 3 8
774 8 "w" 15 169 55 2 2 5 3 3
775 5 "w" 12 129 40 5 NA 2 3 3
776 8 "w" 15 147 54 5 5 3 4 5
777 6 "m" 12 141 43 4 NA 3 2 5
778 9 "w" 16 160 60 2 2 4 2 3
779 5 "m" 15 165 61 2 NA 2 1 1
780 10 "m" 17 171 71 5 6 4 4 2
781 10 "w" 16 178 61 2 2 5 1 3
782 10 "w" 16 155 60 5 5 3 3 3
783 9 "w" 17 161 65 2 4 1 1 3
784 7 "w" 15 168 54 2 NA 3 2 3
785 9 "w" 16 145 59 5 5 1 3 3
786 6 "m" 13 158 51 6 NA 4 3 2
787 9 "m" 16 160 67 5 4 3 3 2
788 9 "w" 15 161 54 2 2 2 1 4
789 6 "w" 13 133 45 2 NA 2 2 3
790 8 "w" 14 166 50 1 2 5 1 4
791 7 "w" 14 165 50 3 NA 5 4 5
792 6 "m" 13 152 49 5 NA 2 3 3
793 9 "w" 15 149 55 1 1 5 3 4
794 9 "w" 16 170 60 3 2 5 2 6
795 11 "m" 17 174 70 6 3 5 4 1
796 7 "w" 14 151 49 4 NA 2 4 6
797 8 "m" 15 141 61 4 4 4 4 1
798 9 "w" 16 168 60 4 4 1 2 4
799 8 "w" 14 155 52 2 2 3 2 2
800 10 "m" 17 166 70 3 2 5 2 1
801 9 "m" 15 157 59 1 1 2 2 1
802 9 "m" 16 165 64 5 5 4 2 4
803 10 "m" 16 157 66 1 1 2 2 8
804 7 "w" 13 144 47 2 NA 2 2 3
805 8 "w" 14 153 50 3 1 6 4 3
806 9 "w" 17 159 64 4 4 3 3 5
807 10 "m" 17 164 70 5 4 2 3 1
808 7 "w" 15 148 57 1 NA 2 1 5
809 7 "w" 13 153 44 2 NA 3 2 0
810 8 "m" 16 164 64 4 3 3 3 4
811 7 "m" 14 141 53 4 NA 4 2 6
812 11 "w" 18 166 70 2 3 5 1 5
813 8 "w" 15 149 55 1 2 5 2 3
814 6 "m" 13 141 50 4 NA 2 2 2
815 8 "w" 16 168 59 3 4 4 1 1
816 7 "w" 14 154 50 4 NA 2 2 4
817 7 "w" 14 132 50 6 NA 3 3 6
818 6 "w" 12 153 42 2 NA 4 1 1
819 11 "m" 17 171 72 4 3 2 2 1
820 11 "w" 17 166 66 3 2 3 3 4
821 8 "w" 15 165 55 5 6 2 3 1
822 10 "w" 16 178 61 6 6 5 4 7
823 8 "w" 14 139 51 5 4 5 4 1
824 7 "w" 14 146 52 3 NA 5 2 0
825 10 "w" 17 164 67 3 2 4 3 3
826 8 "m" 15 164 57 2 2 2 3 5
827 7 "w" 14 162 51 2 NA 2 2 1
828 10 "w" 16 156 60 4 3 3 3 5
829 8 "w" 14 155 50 2 1 5 3 5
830 8 "m" 16 164 65 4 3 2 3 4
831 7 "m" 14 144 55 1 NA 2 1 4
832 9 "w" 15 150 54 2 1 3 2 3
833 9 "m" 15 169 61 5 6 5 3 2
834 7 "m" 14 153 54 2 NA 5 2 2
835 10 "m" 17 159 69 5 4 4 2 3
836 10 "w" 17 157 66 2 2 2 3 1
837 10 "m" 16 169 65 3 2 3 1 3
838 6 "w" 14 155 51 5 NA 2 2 1
839 9 "m" 15 147 60 2 3 4 1 1
840 7 "w" 14 167 49 5 NA 2 1 3
841 7 "w" 14 152 52 2 NA 4 2 3
842 5 "m" 12 147 46 4 NA 3 2 2
843 7 "w" 14 143 51 3 NA 2 1 2
844 8 "w" 15 143 55 2 2 6 1 3
845 5 "w" 12 137 40 5 NA 5 3 3
846 10 "w" 17 162 65 2 3 2 2 2
847 7 "w" 15 155 54 4 NA 4 1 1
848 10 "m" 17 194 69 2 2 4 3 0
849 8 "w" 15 161 55 2 2 2 1 6
850 10 "m" 17 166 69 2 2 4 1 1
851 11 "m" 17 164 69 4 3 3 3 4
852 7 "m" 13 155 49 4 NA 2 2 6
853 6 "w" 13 144 46 2 NA 4 1 2
854 6 "w" 15 147 56 2 NA 3 2 3
855 7 "w" 15 172 56 3 NA 3 2 2
856 5 "w" 13 143 43 5 NA 2 2 1
857 6 "m" 13 144 50 2 NA 2 2 4
858 7 "w" 13 158 45 3 NA 3 1 3
859 8 "m" 14 141 56 5 6 5 4 5
860 6 "m" 13 158 52 2 NA 1 1 3
861 9 "m" 16 161 66 3 2 5 3 1
862 10 "m" 16 156 64 4 4 3 1 4
863 12 "m" 18 173 74 1 1 4 1 2
864 6 "m" 12 150 44 3 NA 5 2 3
865 8 "m" 15 161 60 2 1 3 2 1
866 6 "w" 13 139 46 5 NA 3 3 3
867 8 "m" 15 156 61 2 2 3 1 2
868 9 "w" 17 160 66 4 3 5 3 2
869 9 "w" 17 166 65 3 3 2 2 2
870 10 "w" 17 167 65 2 2 4 3 1
871 10 "w" 16 172 59 5 5 4 3 2
872 10 "w" 16 160 60 4 5 1 2 4
873 11 "w" 18 169 71 4 4 3 3 0
874 8 "m" 15 153 60 2 2 2 2 5
875 10 "m" 16 162 66 2 3 3 1 3
876 9 "w" 16 147 61 6 6 3 3 2
877 10 "m" 17 184 70 3 4 3 3 5
878 7 "m" 13 158 51 2 NA 3 2 3
879 5 "w" 12 140 40 1 NA 5 2 6
880 8 "m" 14 172 56 2 2 4 1 5
881 8 "w" 16 148 59 1 1 3 1 4
882 9 "w" 16 159 61 6 3 5 4 2
883 9 "m" 15 150 59 2 2 5 4 3
884 6 "m" 12 153 44 2 NA 3 2 2
885 10 "m" 16 163 64 5 4 4 3 4
886 10 "w" 17 163 66 3 4 5 1 8
887 8 "m" 15 153 60 2 4 2 2 1
888 8 "m" 14 153 55 5 4 4 5 1
889 7 "m" 14 154 56 3 NA 5 4 2
890 9 "m" 16 163 66 5 5 1 1 3
891 9 "m" 16 159 66 3 4 3 1 2
892 11 "m" 17 172 69 2 3 2 2 1
893 9 "w" 16 143 62 2 3 5 5 2
894 11 "w" 17 158 65 3 2 4 2 3
895 7 "m" 13 157 50 3 NA 4 2 2
896 9 "m" 16 158 64 2 3 3 2 3
897 5 "m" 12 145 45 2 NA 3 2 4
898 8 "w" 16 177 60 4 3 3 2 0
899 11 "w" 18 165 70 3 2 4 3 3
900 6 "m" 13 142 49 2 NA 2 3 5
901 6 "m" 13 149 51 2 NA 2 1 3
902 10 "w" 16 149 57 3 3 2 2 3
903 5 "w" 12 131 40 2 NA 2 1 0
904 7 "w" 13 162 45 4 NA 3 1 6
905 7 "w" 14 145 49 2 NA 4 2 2
906 10 "m" 17 170 70 2 2 2 2 4
907 9 "w" 16 169 62 6 6 2 3 2
908 12 "m" 18 162 75 2 2 5 3 1
909 11 "w" 17 161 64 2 5 1 2 1
910 6 "m" 13 144 48 3 NA 3 1 3
911 10 "m" 17 155 69 4 4 4 4 0
912 7 "m" 14 171 53 3 NA 2 1 3
913 6 "w" 13 141 46 2 NA 2 2 2
914 6 "m" 13 164 50 2 NA 1 2 3
915 11 "w" 18 172 70 2 2 5 3 5
916 11 "m" 17 172 68 2 3 2 2 3
917 11 "w" 17 166 65 3 4 2 2 2
918 8 "w" 15 162 56 4 3 5 6 4
919 10 "w" 17 162 64 2 2 1 1 4
920 5 "w" 12 146 41 2 NA 2 2 2
921 8 "w" 15 167 57 2 1 2 1 3
922 7 "m" 15 152 62 5 NA 3 5 2
923 8 "w" 15 160 54 2 2 5 4 1
924 9 "w" 16 151 61 2 1 2 2 2
925 7 "w" 14 151 50 2 NA 6 4 0
926 10 "m" 17 171 72 3 3 3 3 3
927 11 "w" 18 170 70 4 3 2 1 2
928 8 "w" 15 158 55 1 1 4 2 1
929 5 "m" 13 149 51 3 NA 2 1 1
930 10 "m" 16 172 66 5 6 3 2 0
931 8 "m" 15 169 60 2 2 2 2 4
932 6 "m" 13 137 49 2 NA 2 2 4
933 8 "w" 14 146 50 1 2 3 1 2
934 7 "m" 14 155 54 2 NA 2 1 0
935 11 "w" 18 168 70 4 4 3 2 2
936 9 "m" 17 178 68 1 2 3 4 1
937 8 "m" 14 137 56 2 3 1 2 1
938 5 "w" 13 136 45 2 NA 3 1 3
939 9 "w" 15 141 53 2 2 5 3 2
940 11 "w" 18 170 69 5 5 5 6 3
941 9 "w" 15 153 54 2 2 2 3 2
942 7 "w" 14 150 51 4 NA 5 5 1
943 7 "w" 13 147 45 3 NA 4 5 4
944 10 "m" 16 165 65 5 5 2 3 6
945 10 "m" 16 169 66 4 3 2 2 1
946 12 "w" 18 174 71 5 4 2 2 3
947 8 "m" 14 150 55 3 3 2 2 3
948 11 "w" 17 166 65 2 3 2 2 5
949 10 "w" 17 158 66 2 3 2 2 3
950 10 "m" 17 162 71 2 1 6 1 1
951 6 "w" 12 145 40 3 NA 3 2 1
952 6 "m" 13 160 51 2 NA 5 4 2
953 7 "w" 14 152 51 2 NA 2 2 5
954 7 "w" 14 136 49 2 NA 3 2 6
955 7 "w" 13 158 45 2 NA 2 1 7
956 6 "w" 13 146 45 3 NA 2 1 3
957 9 "m" 17 159 71 5 5 5 3 6
958 6 "m" 13 159 51 5 NA 3 2 2
959 11 "m" 17 157 71 3 3 3 3 2
960 8 "w" 15 151 55 5 6 1 3 2
961 6 "w" 13 131 44 2 NA 1 2 2
962 8 "w" 15 164 54 2 2 2 1 1
963 11 "m" 18 170 74 5 5 5 6 2
964 8 "w" 15 160 55 2 3 1 1 1
965 7 "m" 13 155 50 5 NA 5 4 4
966 6 "w" 12 154 40 2 NA 2 1 3
967 9 "m" 15 169 61 2 1 2 2 3
968 11 "w" 17 167 63 3 4 2 1 1
969 10 "w" 16 155 60 2 3 3 2 2
970 5 "w" 13 145 45 5 NA 3 3 4
971 7 "w" 14 165 51 1 NA 2 2 5
972 9 "m" 15 162 60 4 4 1 2 2
973 8 "w" 14 147 49 5 3 3 4 4
974 7 "w" 14 157 50 3 NA 5 3 3
975 7 "w" 13 133 47 2 NA 2 2 7
976 9 "m" 15 163 61 2 1 5 2 3
977 11 "m" 17 179 71 3 3 1 2 0
978 8 "m" 15 152 60 5 4 2 2 9
979 6 "w" 12 136 40 4 NA 4 2 5
980 7 "w" 14 134 51 5 NA 5 5 2
981 9 "w" 16 161 60 2 2 4 1 1
982 5 "w" 12 128 40 5 NA 1 2 0
983 7 "m" 14 160 56 2 NA 1 1 2
984 12 "w" 18 165 70 4 5 4 3 3
985 6 "m" 13 145 49 4 NA 2 2 3
986 6 "m" 12 148 47 4 NA 5 3 4
987 7 "w" 15 147 55 5 NA 4 3 3
988 9 "w" 16 171 61 3 4 2 2 1
989 10 "w" 16 184 61 2 3 4 3 3
990 9 "m" 16 159 65 2 1 5 3 1
991 10 "m" 17 169 69 2 2 1 2 2
992 7 "w" 14 159 49 4 NA 3 2 2
993 9 "w" 15 156 57 2 2 1 2 7
994 7 "w" 14 157 51 5 NA 2 4 2
995 7 "m" 14 141 56 3 NA 3 3 2
996 7 "w" 14 143 50 6 NA 6 6 6
997 7 "m" 14 165 56 4 NA 3 3 3
998 9 "m" 16 175 64 4 3 3 4 0
999 11 "w" 18 180 68 4 6 2 1 2
1000 7 "m" 14 168 55 4 NA 4 2 0
1001 7 "m" 14 173 54 2 NA 3 2 2
1002 11 "w" 18 173 70 2 2 5 3 2
1003 8 "m" 15 146 60 3 2 3 1 3